100
0 1 12.539
1 2 41.57
2 0 38.837
2 3 87.255
3 4 64.543
4 5 64.697
5 3 82.434
5 6 42.552
6 7 89.97
7 8 55.069
8 6 39.325
8 9 17.371
9 10 87.608
10 11 47.333
11 9 94.243
11 12 68.891
12 13 51.59
13 14 82.306
14 12 62.896
14 15 94.528
15 16 10.163
16 17 37.094
17 15 45.928
17 18 16.189
18 19 61.357
19 20 25.099
20 18 74.041
20 21 89.896
21 22 56.14
22 23 85.942
23 21 39.169
23 24 96.302
24 25 72.649
25 26 69.782
26 24 27.649
26 27 88.441
27 28 88.504
28 29 95.988
29 27 78.036
29 30 79.216
30 31 62.999
31 32 52.133
32 30 61.213
32 33 29.155
33 34 83.651
34 35 66.816
35 33 21.955
35 36 35.805
36 37 89.554
37 38 32.329
38 36 82.546
38 39 99.274
39 40 99.585
40 41 20.902
41 39 96.562
41 42 55.287
42 43 24.419
43 44 99.062
44 42 87.645
44 45 6.34
45 46 33.305
46 47 92.124
47 45 77.725
47 48 23.887
48 49 83.424
49 50 61.795
50 48 47.04
50 51 8.776
51 52 3.106
52 53 58.347
53 51 56.436
53 54 56.598
54 55 57.14
55 56 1.252
56 54 57.658
56 57 59.557
57 58 32.624
58 59 27.001
59 57 24.798
59 60 59.039
60 61 40.111
61 62 76.252
62 60 94.261
62 63 9.364
63 64 23.202
64 65 32.903
65 63 16.355
65 66 88.879
66 67 38.416
67 68 59.519
68 66 95.357
68 69 18.038
69 70 10.933
70 71 25.426
71 69 15.447
71 72 67.108
72 73 9.896
73 74 53.589
74 72 47.606
74 75 43.594
75 76 37.64
76 77 22.368
77 75 55.566
77 78 27.943
78 79 51.499
79 80 88.627
80 78 65.293
80 81 82.817
81 82 11.447
82 83 85.656
83 81 92.163
83 84 49.196
84 85 84.562
85 86 67.76
86 84 24.909
86 87 54.161
87 88 61.088
88 89 15.782
89 87 66.313
89 90 46.592
90 91 12.822
91 92 82.758
92 90 77.153
92 93 34.144
93 94 96.212
94 95 28.47
95 93 85.607
95 96 99.581
96 97 19.508
97 98 2.861
98 96 18.098
98 99 34.725
99 100 79.78
