50
0 1 1.321
1 2 23.215
2 0 23.238
2 3 73.667
3 4 29.36
4 5 44.525
5 3 38.328
5 6 84.025
6 7 92.368
7 8 23.628
8 6 83.953
8 9 22.295
9 10 90.159
10 11 77.1
11 9 27.039
11 12 1.96
12 13 98.603
13 14 53.653
14 12 83.436
14 15 89.813
15 16 23.523
16 17 31.667
17 15 17.01
17 18 72.359
18 19 95.368
19 20 11.879
20 18 84.372
20 21 95.099
21 22 56.681
22 23 69.448
23 21 33.614
23 24 18.816
24 25 53.234
25 26 80.807
26 24 53.282
26 27 99.18
27 28 3.253
28 29 70.062
29 27 69.005
29 30 91.05
30 31 2.188
31 32 9.991
32 30 9.133
32 33 33.684
33 34 28.011
34 35 76.96
35 33 95.005
35 36 8.503
36 37 73.591
37 38 54.946
38 36 97.031
38 39 70.732
39 40 80.484
40 41 3.227
41 39 78.129
41 42 8.286
42 43 71.364
43 44 61.109
44 42 24.376
44 45 19.849
45 46 55.598
46 47 59.485
47 45 12.645
47 48 35.936
48 49 64.864
49 50 69.369
